2,1,26,370,344,176,-1,-1,-1,-1
2,2,523,510,122,65,-1,-1,-1,-1
2,3,74,578,134,76,-1,-1,-1,-1
2,4,961,668,115,51,-1,-1,-1,-1
2,5,934,332,58,41,-1,-1,-1,-1
2,6,818,320,69,44,-1,-1,-1,-1
2,7,1017,276,70,44,-1,-1,-1,-1
2,8,27,211,55,29,-1,-1,-1,-1
2,9,0,481,39,51,-1,-1,-1,-1
2,10,704,322,77,40,-1,-1,-1,-1
2,11,1005,458,135,74,-1,-1,-1,-1
2,12,1176,190,58,28,-1,-1,-1,-1
2,13,352,284,85,33,-1,-1,-1,-1
2,14,863,191,34,26,-1,-1,-1,-1
2,15,1071,310,17,41,-1,-1,-1,-1
2,16,448,309,71,31,-1,-1,-1,-1
2,17,58,317,101,51,-1,-1,-1,-1
2,18,1080,420,174,96,-1,-1,-1,-1
2,19,929,190,13,25,-1,-1,-1,-1
2,20,871,163,30,21,-1,-1,-1,-1
2,21,0,253,19,48,-1,-1,-1,-1
2,22,1105,193,64,36,-1,-1,-1,-1
2,25,945,132,25,22,-1,-1,-1,-1
3,1,26,370,344,176,-1,-1,-1,-1
3,2,529,510,123,66,-1,-1,-1,-1
3,3,84,574,136,78,-1,-1,-1,-1
3,4,977,674,103,45,-1,-1,-1,-1
3,5,931,330,58,40,-1,-1,-1,-1
3,6,818,319,64,41,-1,-1,-1,-1
3,7,1020,276,69,44,-1,-1,-1,-1
3,8,26,211,56,29,-1,-1,-1,-1
3,9,0,481,39,51,-1,-1,-1,-1
3,10,701,321,76,40,-1,-1,-1,-1
3,11,996,456,133,72,-1,-1,-1,-1
3,12,1176,190,57,27,-1,-1,-1,-1
3,13,346,285,83,33,-1,-1,-1,-1
3,14,863,190,34,26,-1,-1,-1,-1
3,15,1071,310,17,40,-1,-1,-1,-1
3,16,434,308,76,33,-1,-1,-1,-1
3,17,49,318,99,51,-1,-1,-1,-1
3,18,1067,413,181,100,-1,-1,-1,-1
3,19,929,191,13,24,-1,-1,-1,-1
3,20,872,162,31,21,-1,-1,-1,-1
3,21,0,253,19,48,-1,-1,-1,-1
3,22,1105,193,64,36,-1,-1,-1,-1
3,25,947,131,23,23,-1,-1,-1,-1
4,1,25,370,344,176,-1,-1,-1,-1
4,2,535,510,123,66,-1,-1,-1,-1
4,3,94,571,136,78,-1,-1,-1,-1
4,4,993,681,88,37,-1,-1,-1,-1
4,5,929,328,57,40,-1,-1,-1,-1
4,6,815,318,63,40,-1,-1,-1,-1
4,7,1023,276,68,43,-1,-1,-1,-1
4,8,26,210,57,30,-1,-1,-1,-1
4,9,0,481,39,51,-1,-1,-1,-1
4,10,698,320,75,39,-1,-1,-1,-1
4,11,988,453,131,72,-1,-1,-1,-1
4,12,1176,190,57,27,-1,-1,-1,-1
4,13,340,285,87,34,-1,-1,-1,-1
4,14,864,189,33,26,-1,-1,-1,-1
4,15,1071,309,17,41,-1,-1,-1,-1
4,16,422,310,73,32,-1,-1,-1,-1
4,17,43,319,98,50,-1,-1,-1,-1
4,18,1057,410,183,101,-1,-1,-1,-1
4,19,930,191,11,24,-1,-1,-1,-1
4,20,874,161,29,22,-1,-1,-1,-1
4,21,0,251,19,51,-1,-1,-1,-1
4,22,1105,193,64,36,-1,-1,-1,-1
4,25,946,131,23,22,-1,-1,-1,-1
4,29,674,180,30,27,-1,-1,-1,-1
5,1,25,370,344,176,-1,-1,-1,-1
5,2,542,510,124,67,-1,-1,-1,-1
5,3,107,570,132,75,-1,-1,-1,-1
5,4,1006,687,74,31,-1,-1,-1,-1
5,5,927,326,57,40,-1,-1,-1,-1
5,6,813,316,63,40,-1,-1,-1,-1
5,7,1025,275,68,44,-1,-1,-1,-1
5,8,26,210,57,30,-1,-1,-1,-1
5,9,0,481,39,51,-1,-1,-1,-1
5,10,693,317,77,40,-1,-1,-1,-1
5,11,980,450,130,71,-1,-1,-1,-1
5,12,1176,190,57,27,-1,-1,-1,-1
5,13,337,285,86,34,-1,-1,-1,-1
5,14,865,189,33,26,-1,-1,-1,-1
5,15,1071,310,17,40,-1,-1,-1,-1
5,16,416,311,71,32,-1,-1,-1,-1
5,17,37,320,100,50,-1,-1,-1,-1
5,18,1050,408,182,101,-1,-1,-1,-1
5,19,930,190,11,24,-1,-1,-1,-1
5,20,875,161,29,21,-1,-1,-1,-1
5,21,0,251,19,51,-1,-1,-1,-1
5,22,1105,193,64,36,-1,-1,-1,-1
5,25,948,131,23,21,-1,-1,-1,-1
5,29,674,181,30,26,-1,-1,-1,-1
6,1,25,370,344,176,-1,-1,-1,-1
6,2,549,511,122,67,-1,-1,-1,-1
6,3,115,565,137,78,-1,-1,-1,-1
6,4,1020,693,59,24,-1,-1,-1,-1
6,5,925,325,55,39,-1,-1,-1,-1
6,6,812,315,60,39,-1,-1,-1,-1
6,7,1028,274,68,44,-1,-1,-1,-1
6,8,26,210,57,30,-1,-1,-1,-1
6,9,0,481,38,51,-1,-1,-1,-1
6,10,688,315,78,41,-1,-1,-1,-1
6,11,974,446,129,70,-1,-1,-1,-1
6,12,1175,190,59,27,-1,-1,-1,-1
6,13,336,287,83,33,-1,-1,-1,-1
6,14,866,188,33,26,-1,-1,-1,-1
6,15,1071,311,17,39,-1,-1,-1,-1
6,16,412,311,72,32,-1,-1,-1,-1
6,17,33,320,102,52,-1,-1,-1,-1
6,18,1044,407,178,99,-1,-1,-1,-1
6,19,929,190,13,24,-1,-1,-1,-1
6,20,877,161,26,19,-1,-1,-1,-1
6,21,0,253,19,49,-1,-1,-1,-1
6,22,1105,193,64,36,-1,-1,-1,-1
6,25,949,131,23,21,-1,-1,-1,-1
6,29,675,182,28,25,-1,-1,-1,-1
6,30,81,686,70,33,-1,-1,-1,-1
6,31,1266,315,13,30,-1,-1,-1,-1
7,1,25,370,344,176,-1,-1,-1,-1
7,2,557,512,122,66,-1,-1,-1,-1
7,3,126,563,136,77,-1,-1,-1,-1
7,5,921,324,57,39,-1,-1,-1,-1
7,6,810,315,57,36,-1,-1,-1,-1
7,7,1032,273,66,43,-1,-1,-1,-1
7,8,26,211,57,29,-1,-1,-1,-1
7,9,0,481,38,51,-1,-1,-1,-1
7,10,686,315,75,39,-1,-1,-1,-1
7,11,967,443,127,70,-1,-1,-1,-1
7,12,1175,190,59,27,-1,-1,-1,-1
7,13,334,287,80,32,-1,-1,-1,-1
7,14,868,186,34,27,-1,-1,-1,-1
7,15,1071,311,17,39,-1,-1,-1,-1
7,16,408,310,75,33,-1,-1,-1,-1
7,17,29,320,104,53,-1,-1,-1,-1
7,18,1039,405,172,97,-1,-1,-1,-1
7,19,929,190,12,24,-1,-1,-1,-1
7,20,878,160,27,19,-1,-1,-1,-1
7,21,0,246,20,56,-1,-1,-1,-1
7,22,1105,193,64,36,-1,-1,-1,-1
7,29,675,181,29,26,-1,-1,-1,-1
7,30,80,684,73,35,-1,-1,-1,-1
7,31,1266,315,13,30,-1,-1,-1,-1
8,1,25,370,344,176,-1,-1,-1,-1
8,2,563,513,123,66,-1,-1,-1,-1
8,3,135,560,136,77,-1,-1,-1,-1
8,5,919,322,56,39,-1,-1,-1,-1
8,6,807,310,61,39,-1,-1,-1,-1
8,7,1035,272,67,43,-1,-1,-1,-1
8,8,25,210,59,30,-1,-1,-1,-1
8,9,0,481,38,51,-1,-1,-1,-1
8,10,682,314,75,39,-1,-1,-1,-1
8,11,960,441,126,68,-1,-1,-1,-1
8,12,1175,190,59,28,-1,-1,-1,-1
8,13,333,287,78,31,-1,-1,-1,-1
8,14,869,185,33,26,-1,-1,-1,-1
8,15,1071,312,17,39,-1,-1,-1,-1
8,16,404,310,75,34,-1,-1,-1,-1
8,17,21,321,106,53,-1,-1,-1,-1
8,18,1034,404,169,95,-1,-1,-1,-1
8,19,928,189,12,25,-1,-1,-1,-1
8,20,879,159,27,19,-1,-1,-1,-1
8,21,0,247,20,55,-1,-1,-1,-1
8,22,1105,193,63,36,-1,-1,-1,-1
8,29,675,181,29,26,-1,-1,-1,-1
8,30,80,684,74,35,-1,-1,-1,-1
8,31,1265,315,14,30,-1,-1,-1,-1
9,1,25,370,344,176,-1,-1,-1,-1
9,2,568,513,125,67,-1,-1,-1,-1
9,3,146,559,133,75,-1,-1,-1,-1
9,5,916,320,57,39,-1,-1,-1,-1
9,6,801,304,66,43,-1,-1,-1,-1
9,7,1037,271,67,43,-1,-1,-1,-1
9,8,25,210,60,30,-1,-1,-1,-1
9,9,0,481,38,51,-1,-1,-1,-1
9,10,679,314,73,38,-1,-1,-1,-1
9,11,954,438,124,68,-1,-1,-1,-1
9,12,1175,190,59,28,-1,-1,-1,-1
9,13,331,287,76,31,-1,-1,-1,-1
9,14,871,184,31,26,-1,-1,-1,-1
9,15,1071,312,17,39,-1,-1,-1,-1
9,16,401,310,76,34,-1,-1,-1,-1
9,17,15,321,106,54,-1,-1,-1,-1
9,18,1029,402,169,96,-1,-1,-1,-1
9,19,927,189,13,26,-1,-1,-1,-1
9,20,880,158,28,19,-1,-1,-1,-1
9,21,0,247,20,55,-1,-1,-1,-1
9,22,1105,193,63,36,-1,-1,-1,-1
9,25,953,128,22,20,-1,-1,-1,-1
9,29,674,181,31,26,-1,-1,-1,-1
9,30,81,685,71,34,-1,-1,-1,-1
9,31,1265,315,14,30,-1,-1,-1,-1
10,1,26,370,344,176,-1,-1,-1,-1
10,2,575,513,125,68,-1,-1,-1,-1
10,3,156,557,133,74,-1,-1,-1,-1
10,5,913,317,58,41,-1,-1,-1,-1
10,6,798,301,65,44,-1,-1,-1,-1
10,7,1039,271,66,42,-1,-1,-1,-1
10,8,26,210,58,30,-1,-1,-1,-1
10,9,0,481,38,51,-1,-1,-1,-1
10,10,677,313,70,37,-1,-1,-1,-1
10,11,948,435,121,67,-1,-1,-1,-1
10,12,1175,190,59,28,-1,-1,-1,-1
10,13,320,288,76,31,-1,-1,-1,-1
10,14,872,183,31,26,-1,-1,-1,-1
10,15,1071,312,17,39,-1,-1,-1,-1
10,16,396,310,78,34,-1,-1,-1,-1
10,17,8,322,107,55,-1,-1,-1,-1
10,18,1023,401,168,94,-1,-1,-1,-1
10,19,927,190,12,25,-1,-1,-1,-1
10,20,882,156,29,20,-1,-1,-1,-1
10,21,0,249,20,53,-1,-1,-1,-1
10,22,1105,193,63,36,-1,-1,-1,-1
10,25,955,127,21,20,-1,-1,-1,-1
10,29,675,181,29,25,-1,-1,-1,-1
10,30,81,685,71,34,-1,-1,-1,-1
10,31,1265,315,14,30,-1,-1,-1,-1
11,1,25,370,344,176,-1,-1,-1,-1
11,2,579,514,128,69,-1,-1,-1,-1
11,3,167,555,132,73,-1,-1,-1,-1
11,5,911,315,57,41,-1,-1,-1,-1
11,6,798,301,61,41,-1,-1,-1,-1
11,7,1040,271,67,41,-1,-1,-1,-1
11,8,25,210,60,30,-1,-1,-1,-1
11,9,0,481,38,51,-1,-1,-1,-1
11,10,673,310,72,38,-1,-1,-1,-1
11,11,941,433,121,66,-1,-1,-1,-1
11,12,1175,190,59,28,-1,-1,-1,-1
11,13,316,291,72,29,-1,-1,-1,-1
11,14,873,183,31,25,-1,-1,-1,-1
11,15,1071,312,17,39,-1,-1,-1,-1
11,16,393,313,74,32,-1,-1,-1,-1
11,17,2,322,108,56,-1,-1,-1,-1
11,18,1021,400,162,90,-1,-1,-1,-1
11,19,927,190,12,24,-1,-1,-1,-1
11,20,883,155,29,21,-1,-1,-1,-1
11,21,0,250,19,52,-1,-1,-1,-1
11,22,1104,193,65,36,-1,-1,-1,-1
11,25,956,127,21,20,-1,-1,-1,-1
11,31,1265,315,14,30,-1,-1,-1,-1
11,32,910,132,29,23,-1,-1,-1,-1
12,1,26,370,343,175,-1,-1,-1,-1
12,2,585,514,129,70,-1,-1,-1,-1
12,3,180,553,125,70,-1,-1,-1,-1
12,5,910,314,56,40,-1,-1,-1,-1
12,6,797,300,59,40,-1,-1,-1,-1
12,7,1042,270,67,41,-1,-1,-1,-1
12,8,25,210,59,30,-1,-1,-1,-1
12,9,0,480,38,52,-1,-1,-1,-1
12,10,668,308,75,38,-1,-1,-1,-1
12,11,934,430,123,67,-1,-1,-1,-1
12,12,1175,190,59,28,-1,-1,-1,-1
12,13,311,292,73,29,-1,-1,-1,-1
12,14,874,183,30,24,-1,-1,-1,-1
12,15,1070,309,19,42,-1,-1,-1,-1
12,16,387,314,74,32,-1,-1,-1,-1
12,17,0,323,107,56,-1,-1,-1,-1
12,18,1015,397,162,90,-1,-1,-1,-1
12,19,927,190,12,24,-1,-1,-1,-1
12,20,885,155,27,20,-1,-1,-1,-1
12,21,0,250,20,52,-1,-1,-1,-1
12,22,1104,193,65,36,-1,-1,-1,-1
12,25,957,127,19,18,-1,-1,-1,-1
12,30,80,684,74,35,-1,-1,-1,-1
12,31,1265,315,14,30,-1,-1,-1,-1
12,32,911,131,29,23,-1,-1,-1,-1
13,1,26,370,343,175,-1,-1,-1,-1
13,2,591,514,131,71,-1,-1,-1,-1
13,3,187,553,131,72,-1,-1,-1,-1
13,5,909,314,54,38,-1,-1,-1,-1
13,6,793,298,58,39,-1,-1,-1,-1
13,7,1044,269,67,41,-1,-1,-1,-1
13,8,26,211,58,29,-1,-1,-1,-1
13,9,0,480,38,52,-1,-1,-1,-1
13,10,663,306,77,39,-1,-1,-1,-1
13,11,928,427,121,67,-1,-1,-1,-1
13,12,1175,190,59,28,-1,-1,-1,-1
13,13,306,292,74,29,-1,-1,-1,-1
13,14,876,183,29,24,-1,-1,-1,-1
13,15,1070,308,19,43,-1,-1,-1,-1
13,16,383,314,74,32,-1,-1,-1,-1
13,17,0,325,100,55,-1,-1,-1,-1
13,18,1012,395,158,87,-1,-1,-1,-1
13,20,885,154,28,20,-1,-1,-1,-1
13,21,0,252,19,50,-1,-1,-1,-1
13,22,1104,192,65,37,-1,-1,-1,-1
13,25,958,127,19,17,-1,-1,-1,-1
13,30,79,684,75,35,-1,-1,-1,-1
13,31,1265,315,14,30,-1,-1,-1,-1
13,32,912,130,29,24,-1,-1,-1,-1
14,1,26,370,343,174,-1,-1,-1,-1
14,2,596,514,132,72,-1,-1,-1,-1
14,3,195,551,132,72,-1,-1,-1,-1
14,5,907,312,53,38,-1,-1,-1,-1
14,6,789,295,59,40,-1,-1,-1,-1
14,7,1046,268,67,41,-1,-1,-1,-1
14,8,25,211,59,29,-1,-1,-1,-1
14,9,0,480,38,52,-1,-1,-1,-1
14,10,659,304,77,40,-1,-1,-1,-1
14,11,924,425,116,63,-1,-1,-1,-1
14,12,1175,190,59,28,-1,-1,-1,-1
14,13,300,291,77,31,-1,-1,-1,-1
14,14,876,182,30,24,-1,-1,-1,-1
14,15,1070,309,19,42,-1,-1,-1,-1
14,16,378,314,74,32,-1,-1,-1,-1
14,17,0,326,98,56,-1,-1,-1,-1
14,18,1008,394,154,83,-1,-1,-1,-1
14,20,887,154,27,19,-1,-1,-1,-1
14,21,0,252,19,50,-1,-1,-1,-1
14,22,1104,192,65,38,-1,-1,-1,-1
14,25,959,127,18,17,-1,-1,-1,-1
14,31,1265,316,14,30,-1,-1,-1,-1
14,32,913,130,29,23,-1,-1,-1,-1
15,1,25,370,344,174,-1,-1,-1,-1
15,2,603,515,131,72,-1,-1,-1,-1
15,3,205,549,131,72,-1,-1,-1,-1
15,5,906,311,52,37,-1,-1,-1,-1
15,6,786,293,58,40,-1,-1,-1,-1
15,7,1048,267,68,41,-1,-1,-1,-1
15,8,25,211,59,29,-1,-1,-1,-1
15,9,0,480,38,52,-1,-1,-1,-1
15,10,656,304,75,39,-1,-1,-1,-1
15,11,918,423,115,62,-1,-1,-1,-1
15,12,1175,190,59,28,-1,-1,-1,-1
15,13,295,292,79,30,-1,-1,-1,-1
15,14,877,180,30,24,-1,-1,-1,-1
15,15,1070,311,18,40,-1,-1,-1,-1
15,16,374,315,74,31,-1,-1,-1,-1
15,17,0,327,92,55,-1,-1,-1,-1
15,18,998,396,147,79,-1,-1,-1,-1
15,20,887,153,27,19,-1,-1,-1,-1
15,21,0,252,19,50,-1,-1,-1,-1
15,22,1104,192,65,38,-1,-1,-1,-1
15,25,960,127,17,16,-1,-1,-1,-1
15,31,1266,316,13,29,-1,-1,-1,-1
15,32,915,129,28,23,-1,-1,-1,-1
16,1,26,370,343,174,-1,-1,-1,-1
16,2,608,515,134,73,-1,-1,-1,-1
16,3,215,547,132,72,-1,-1,-1,-1
16,5,905,311,50,36,-1,-1,-1,-1
16,6,785,291,57,40,-1,-1,-1,-1
16,7,1051,266,68,41,-1,-1,-1,-1
16,8,25,211,59,29,-1,-1,-1,-1
16,9,0,480,38,52,-1,-1,-1,-1
16,10,653,304,74,37,-1,-1,-1,-1
16,11,911,420,116,63,-1,-1,-1,-1
16,12,1175,190,59,28,-1,-1,-1,-1
16,13,291,292,79,31,-1,-1,-1,-1
16,14,878,178,31,25,-1,-1,-1,-1
16,15,1070,313,17,38,-1,-1,-1,-1
16,16,367,316,75,31,-1,-1,-1,-1
16,17,0,328,86,53,-1,-1,-1,-1
16,18,986,395,144,78,-1,-1,-1,-1
16,19,925,190,12,24,-1,-1,-1,-1
16,20,888,152,27,19,-1,-1,-1,-1
16,21,0,252,19,50,-1,-1,-1,-1
16,22,1104,192,65,38,-1,-1,-1,-1
16,30,79,683,75,36,-1,-1,-1,-1
16,31,1266,315,13,30,-1,-1,-1,-1
16,32,917,129,29,22,-1,-1,-1,-1
17,1,26,370,343,174,-1,-1,-1,-1
17,2,613,515,137,75,-1,-1,-1,-1
17,3,223,546,132,71,-1,-1,-1,-1
17,5,902,309,50,36,-1,-1,-1,-1
17,6,782,289,57,40,-1,-1,-1,-1
17,7,1057,265,67,42,-1,-1,-1,-1
17,8,25,211,59,29,-1,-1,-1,-1
17,9,0,480,38,52,-1,-1,-1,-1
17,10,651,304,72,36,-1,-1,-1,-1
17,11,906,417,115,63,-1,-1,-1,-1
17,12,1175,190,59,28,-1,-1,-1,-1
17,13,287,294,76,30,-1,-1,-1,-1
17,14,880,177,30,25,-1,-1,-1,-1
17,15,1070,315,17,36,-1,-1,-1,-1
17,16,362,315,77,33,-1,-1,-1,-1
17,17,0,329,81,52,-1,-1,-1,-1
17,18,978,392,144,78,-1,-1,-1,-1
17,19,925,190,11,23,-1,-1,-1,-1
17,20,889,152,27,19,-1,-1,-1,-1
17,21,0,251,19,51,-1,-1,-1,-1
17,22,1104,192,65,38,-1,-1,-1,-1
17,30,79,683,75,36,-1,-1,-1,-1
17,31,1265,315,14,30,-1,-1,-1,-1
17,32,918,128,29,23,-1,-1,-1,-1
17,33,0,691,62,28,-1,-1,-1,-1
18,1,25,370,344,174,-1,-1,-1,-1
18,2,620,515,136,76,-1,-1,-1,-1
18,3,231,543,134,73,-1,-1,-1,-1
18,5,900,307,51,36,-1,-1,-1,-1
18,6,780,287,56,40,-1,-1,-1,-1
18,7,1062,265,66,41,-1,-1,-1,-1
18,8,25,211,60,29,-1,-1,-1,-1
18,9,0,480,38,52,-1,-1,-1,-1
18,10,648,304,70,35,-1,-1,-1,-1
18,11,900,414,115,63,-1,-1,-1,-1
18,12,1175,190,59,28,-1,-1,-1,-1
18,13,281,294,77,30,-1,-1,-1,-1
18,14,880,176,31,25,-1,-1,-1,-1
18,15,1070,315,17,36,-1,-1,-1,-1
18,16,356,315,77,33,-1,-1,-1,-1
18,17,0,331,76,50,-1,-1,-1,-1
18,18,972,389,142,77,-1,-1,-1,-1
18,19,925,190,11,23,-1,-1,-1,-1
18,20,890,151,27,19,-1,-1,-1,-1
18,21,0,251,19,51,-1,-1,-1,-1
18,22,1104,192,65,38,-1,-1,-1,-1
18,30,77,681,78,38,-1,-1,-1,-1
18,31,1265,314,14,31,-1,-1,-1,-1
18,32,919,127,28,23,-1,-1,-1,-1
18,33,0,690,65,29,-1,-1,-1,-1
19,1,25,370,344,174,-1,-1,-1,-1
19,2,626,517,137,76,-1,-1,-1,-1
19,3,238,541,135,74,-1,-1,-1,-1
19,5,898,305,50,36,-1,-1,-1,-1
19,6,780,285,54,39,-1,-1,-1,-1
19,7,1063,264,63,39,-1,-1,-1,-1
19,8,25,211,60,29,-1,-1,-1,-1
19,9,0,480,38,52,-1,-1,-1,-1
19,10,643,303,70,35,-1,-1,-1,-1
19,11,895,412,113,62,-1,-1,-1,-1
19,12,1175,190,59,28,-1,-1,-1,-1
19,13,275,294,79,30,-1,-1,-1,-1
19,14,881,176,31,24,-1,-1,-1,-1
19,15,1070,315,17,36,-1,-1,-1,-1
19,16,349,316,79,33,-1,-1,-1,-1
19,17,0,332,71,48,-1,-1,-1,-1
19,18,965,387,141,76,-1,-1,-1,-1
19,21,0,253,19,49,-1,-1,-1,-1
19,22,1104,192,65,38,-1,-1,-1,-1
19,30,76,681,79,38,-1,-1,-1,-1
19,31,1265,314,14,30,-1,-1,-1,-1
19,32,920,126,28,23,-1,-1,-1,-1
19,33,1,690,66,29,-1,-1,-1,-1
19,34,229,478,148,66,-1,-1,-1,-1
20,1,25,369,344,175,-1,-1,-1,-1
20,2,633,518,136,76,-1,-1,-1,-1
20,3,247,540,135,74,-1,-1,-1,-1
20,5,895,304,49,35,-1,-1,-1,-1
20,6,779,285,52,37,-1,-1,-1,-1
20,7,1069,264,64,38,-1,-1,-1,-1
20,8,24,211,61,29,-1,-1,-1,-1
20,9,0,479,38,53,-1,-1,-1,-1
20,10,639,302,71,35,-1,-1,-1,-1
20,11,889,409,112,61,-1,-1,-1,-1
20,12,1175,190,59,28,-1,-1,-1,-1
20,13,270,294,81,31,-1,-1,-1,-1
20,14,882,176,30,24,-1,-1,-1,-1
20,15,1070,314,17,37,-1,-1,-1,-1
20,16,345,316,80,34,-1,-1,-1,-1
20,17,0,333,65,47,-1,-1,-1,-1
20,18,960,385,138,75,-1,-1,-1,-1
20,19,924,190,11,23,-1,-1,-1,-1
20,21,0,253,19,49,-1,-1,-1,-1
20,22,1105,192,65,38,-1,-1,-1,-1
20,30,76,680,79,39,-1,-1,-1,-1
20,31,1265,313,14,31,-1,-1,-1,-1
20,32,921,126,27,22,-1,-1,-1,-1
20,33,5,689,68,30,-1,-1,-1,-1
20,34,230,478,148,66,-1,-1,-1,-1
20,35,1063,387,89,58,-1,-1,-1,-1
21,1,25,370,344,174,-1,-1,-1,-1
21,2,639,520,137,77,-1,-1,-1,-1
21,3,256,539,133,73,-1,-1,-1,-1
21,5,895,303,47,34,-1,-1,-1,-1
21,6,778,283,52,37,-1,-1,-1,-1
21,7,1073,263,64,38,-1,-1,-1,-1
21,8,24,211,60,29,-1,-1,-1,-1
21,9,0,480,38,52,-1,-1,-1,-1
21,10,635,302,72,35,-1,-1,-1,-1
21,11,884,407,110,60,-1,-1,-1,-1
21,12,1175,190,59,28,-1,-1,-1,-1
21,13,267,295,81,31,-1,-1,-1,-1
21,14,883,175,30,24,-1,-1,-1,-1
21,15,1070,314,17,38,-1,-1,-1,-1
21,16,344,316,79,34,-1,-1,-1,-1
21,17,0,334,61,46,-1,-1,-1,-1
21,18,954,382,137,75,-1,-1,-1,-1
21,19,924,191,11,22,-1,-1,-1,-1
21,21,0,248,20,54,-1,-1,-1,-1
21,22,1105,192,65,38,-1,-1,-1,-1
21,30,75,680,81,39,-1,-1,-1,-1
21,31,1264,313,15,31,-1,-1,-1,-1
21,32,922,126,26,21,-1,-1,-1,-1
21,33,10,689,67,30,-1,-1,-1,-1
21,35,1058,386,88,58,-1,-1,-1,-1
22,1,25,370,344,174,-1,-1,-1,-1
22,2,645,520,139,78,-1,-1,-1,-1
22,3,267,539,130,71,-1,-1,-1,-1
22,5,894,302,47,33,-1,-1,-1,-1
22,6,776,282,52,36,-1,-1,-1,-1
22,7,1075,262,66,39,-1,-1,-1,-1
22,8,24,211,59,29,-1,-1,-1,-1
22,9,0,480,38,52,-1,-1,-1,-1
22,10,632,301,71,35,-1,-1,-1,-1
22,11,879,405,109,60,-1,-1,-1,-1
22,12,1175,190,59,28,-1,-1,-1,-1
22,13,260,295,81,31,-1,-1,-1,-1
22,14,883,175,30,24,-1,-1,-1,-1
22,15,1069,314,18,38,-1,-1,-1,-1
22,16,342,316,79,34,-1,-1,-1,-1
22,17,0,335,56,45,-1,-1,-1,-1
22,18,948,381,134,73,-1,-1,-1,-1
22,19,924,191,11,22,-1,-1,-1,-1
22,21,0,253,19,48,-1,-1,-1,-1
22,22,1105,192,65,38,-1,-1,-1,-1
22,30,73,679,81,40,-1,-1,-1,-1
22,31,1265,314,14,30,-1,-1,-1,-1
22,32,922,126,26,21,-1,-1,-1,-1
22,33,14,689,68,30,-1,-1,-1,-1
22,35,1053,385,86,57,-1,-1,-1,-1
23,1,26,370,343,174,-1,-1,-1,-1
23,2,650,521,141,80,-1,-1,-1,-1
23,3,275,537,130,71,-1,-1,-1,-1
23,5,893,300,47,33,-1,-1,-1,-1
23,6,774,279,53,38,-1,-1,-1,-1
23,7,1079,261,67,39,-1,-1,-1,-1
23,8,25,212,57,28,-1,-1,-1,-1
23,9,0,480,38,52,-1,-1,-1,-1
23,10,628,300,71,34,-1,-1,-1,-1
23,11,874,403,108,60,-1,-1,-1,-1
23,12,1175,190,59,28,-1,-1,-1,-1
23,13,256,296,81,31,-1,-1,-1,-1
23,14,885,173,30,25,-1,-1,-1,-1
23,15,1069,314,18,38,-1,-1,-1,-1
23,16,340,316,76,33,-1,-1,-1,-1
23,17,0,337,51,44,-1,-1,-1,-1
23,18,944,379,130,71,-1,-1,-1,-1
23,19,924,191,11,22,-1,-1,-1,-1
23,21,0,255,19,46,-1,-1,-1,-1
23,22,1106,193,63,37,-1,-1,-1,-1
23,30,74,681,79,38,-1,-1,-1,-1
23,31,1265,315,14,29,-1,-1,-1,-1
23,32,923,125,26,21,-1,-1,-1,-1
23,33,13,686,74,33,-1,-1,-1,-1
23,35,1050,384,86,56,-1,-1,-1,-1
24,1,25,370,345,175,-1,-1,-1,-1
24,2,659,523,138,79,-1,-1,-1,-1
24,3,284,536,129,70,-1,-1,-1,-1
24,5,891,298,47,34,-1,-1,-1,-1
24,6,774,277,53,38,-1,-1,-1,-1
24,7,1082,260,67,40,-1,-1,-1,-1
24,8,24,212,59,28,-1,-1,-1,-1
24,9,0,481,38,51,-1,-1,-1,-1
24,10,625,299,70,34,-1,-1,-1,-1
24,11,869,401,108,59,-1,-1,-1,-1
24,12,1175,190,59,28,-1,-1,-1,-1
24,13,252,296,81,31,-1,-1,-1,-1
24,14,885,171,31,26,-1,-1,-1,-1
24,15,1068,314,19,38,-1,-1,-1,-1
24,16,332,316,77,33,-1,-1,-1,-1
24,17,0,338,48,44,-1,-1,-1,-1
24,18,939,375,130,72,-1,-1,-1,-1
24,21,0,257,19,44,-1,-1,-1,-1
24,22,1105,193,64,37,-1,-1,-1,-1
24,30,74,680,79,39,-1,-1,-1,-1
24,31,1265,315,14,30,-1,-1,-1,-1
24,32,923,124,26,21,-1,-1,-1,-1
24,33,5,680,81,38,-1,-1,-1,-1
24,35,1049,383,84,55,-1,-1,-1,-1
25,1,25,370,345,175,-1,-1,-1,-1
25,2,664,524,140,79,-1,-1,-1,-1
25,3,294,535,126,69,-1,-1,-1,-1
25,5,889,295,48,35,-1,-1,-1,-1
25,6,771,274,54,39,-1,-1,-1,-1
25,8,23,211,61,29,-1,-1,-1,-1
25,9,0,480,38,52,-1,-1,-1,-1
25,10,621,299,71,33,-1,-1,-1,-1
25,11,865,398,106,59,-1,-1,-1,-1
25,12,1175,190,59,28,-1,-1,-1,-1
25,13,249,296,79,31,-1,-1,-1,-1
25,14,886,170,30,26,-1,-1,-1,-1
25,15,1068,314,19,38,-1,-1,-1,-1
25,16,322,316,80,35,-1,-1,-1,-1
25,17,0,339,43,44,-1,-1,-1,-1
25,18,931,369,133,74,-1,-1,-1,-1
25,21,1,257,17,44,-1,-1,-1,-1
25,22,1105,193,64,37,-1,-1,-1,-1
25,30,74,683,76,36,-1,-1,-1,-1
25,31,1264,315,15,30,-1,-1,-1,-1
25,32,923,124,26,21,-1,-1,-1,-1
25,33,3,677,83,41,-1,-1,-1,-1
25,35,1048,382,83,54,-1,-1,-1,-1
26,1,25,370,345,175,-1,-1,-1,-1
26,2,669,524,142,82,-1,-1,-1,-1
26,3,302,535,126,67,-1,-1,-1,-1
26,5,887,292,50,36,-1,-1,-1,-1
26,6,770,272,52,38,-1,-1,-1,-1
26,8,23,210,61,30,-1,-1,-1,-1
26,9,0,480,38,52,-1,-1,-1,-1
26,10,618,298,70,33,-1,-1,-1,-1
26,11,860,396,105,58,-1,-1,-1,-1
26,12,1174,189,61,29,-1,-1,-1,-1
26,13,243,297,79,30,-1,-1,-1,-1
26,14,887,170,29,25,-1,-1,-1,-1
26,15,1068,315,19,37,-1,-1,-1,-1
26,16,317,316,81,35,-1,-1,-1,-1
26,17,0,340,36,41,-1,-1,-1,-1
26,18,926,367,132,73,-1,-1,-1,-1
26,21,1,258,17,43,-1,-1,-1,-1
26,22,1105,193,63,37,-1,-1,-1,-1
26,30,54,683,82,36,-1,-1,-1,-1
26,31,1265,316,14,29,-1,-1,-1,-1
26,32,925,123,25,21,-1,-1,-1,-1
26,33,3,675,87,43,-1,-1,-1,-1
26,35,1042,378,86,56,-1,-1,-1,-1
27,1,25,370,345,175,-1,-1,-1,-1
27,2,675,525,143,82,-1,-1,-1,-1
27,3,311,534,125,67,-1,-1,-1,-1
27,5,887,291,47,35,-1,-1,-1,-1
27,6,770,271,49,36,-1,-1,-1,-1
27,8,25,212,58,28,-1,-1,-1,-1
27,9,0,480,38,52,-1,-1,-1,-1
27,10,614,297,71,33,-1,-1,-1,-1
27,11,854,394,105,57,-1,-1,-1,-1
27,12,1174,189,61,29,-1,-1,-1,-1
27,13,236,297,82,31,-1,-1,-1,-1
27,14,888,169,28,25,-1,-1,-1,-1
27,15,1067,316,19,37,-1,-1,-1,-1
27,16,312,317,79,35,-1,-1,-1,-1
27,17,0,340,31,41,-1,-1,-1,-1
27,18,919,365,131,74,-1,-1,-1,-1
27,21,0,256,19,45,-1,-1,-1,-1
27,22,1105,193,63,37,-1,-1,-1,-1
27,30,47,683,86,36,-1,-1,-1,-1
27,31,1265,316,14,30,-1,-1,-1,-1
27,32,926,122,25,21,-1,-1,-1,-1
27,35,1037,377,86,56,-1,-1,-1,-1
28,1,25,370,344,175,-1,-1,-1,-1
28,2,683,527,142,82,-1,-1,-1,-1
28,3,319,532,126,67,-1,-1,-1,-1
28,5,885,289,46,35,-1,-1,-1,-1
28,6,770,270,46,35,-1,-1,-1,-1
28,7,1094,256,71,42,-1,-1,-1,-1
28,8,25,212,58,28,-1,-1,-1,-1
28,9,0,480,38,52,-1,-1,-1,-1
28,10,610,296,72,34,-1,-1,-1,-1
28,11,849,391,104,58,-1,-1,-1,-1
28,12,1175,189,59,29,-1,-1,-1,-1
28,13,232,297,84,32,-1,-1,-1,-1
28,14,888,168,29,25,-1,-1,-1,-1
28,15,1068,316,19,36,-1,-1,-1,-1
28,16,306,317,81,36,-1,-1,-1,-1
28,17,0,341,28,40,-1,-1,-1,-1
28,18,914,363,131,74,-1,-1,-1,-1
28,21,0,257,19,44,-1,-1,-1,-1
28,22,1105,194,63,36,-1,-1,-1,-1
28,30,43,683,90,36,-1,-1,-1,-1
28,31,1264,316,15,30,-1,-1,-1,-1
28,32,928,121,24,21,-1,-1,-1,-1
28,35,1034,377,84,55,-1,-1,-1,-1
29,1,25,370,345,175,-1,-1,-1,-1
29,2,689,528,143,84,-1,-1,-1,-1
29,3,327,530,126,67,-1,-1,-1,-1
29,5,883,288,46,34,-1,-1,-1,-1
29,6,770,269,44,33,-1,-1,-1,-1
29,7,1097,255,71,43,-1,-1,-1,-1
29,8,26,213,57,27,-1,-1,-1,-1
29,9,0,480,38,52,-1,-1,-1,-1
29,10,607,297,70,32,-1,-1,-1,-1
29,11,843,388,106,59,-1,-1,-1,-1
29,12,1174,189,61,29,-1,-1,-1,-1
29,13,227,297,84,32,-1,-1,-1,-1
29,14,889,168,27,24,-1,-1,-1,-1
29,15,1067,315,20,37,-1,-1,-1,-1
29,16,300,317,82,37,-1,-1,-1,-1
29,18,910,361,127,72,-1,-1,-1,-1
29,21,0,256,19,46,-1,-1,-1,-1
29,22,1105,194,63,36,-1,-1,-1,-1
29,30,40,681,99,38,-1,-1,-1,-1
29,31,1264,316,15,30,-1,-1,-1,-1
29,32,929,121,24,20,-1,-1,-1,-1
29,35,1024,376,85,54,-1,-1,-1,-1
29,36,730,396,13,26,-1,-1,-1,-1
30,1,25,370,344,175,-1,-1,-1,-1
30,2,695,529,146,86,-1,-1,-1,-1
30,3,332,528,129,69,-1,-1,-1,-1
30,5,882,287,44,33,-1,-1,-1,-1
30,6,769,267,44,34,-1,-1,-1,-1
30,7,1099,254,73,43,-1,-1,-1,-1
30,8,25,213,59,27,-1,-1,-1,-1
30,9,0,480,38,52,-1,-1,-1,-1
30,10,602,295,71,33,-1,-1,-1,-1
30,11,837,385,105,59,-1,-1,-1,-1
30,12,1174,189,61,29,-1,-1,-1,-1
30,13,222,298,84,32,-1,-1,-1,-1
30,14,890,167,27,25,-1,-1,-1,-1
30,15,1067,315,20,37,-1,-1,-1,-1
30,16,295,319,80,35,-1,-1,-1,-1
30,18,905,359,126,72,-1,-1,-1,-1
30,21,0,256,19,46,-1,-1,-1,-1
30,22,1105,194,63,36,-1,-1,-1,-1
30,30,41,681,102,38,-1,-1,-1,-1
30,31,1264,316,15,30,-1,-1,-1,-1
30,32,931,120,23,20,-1,-1,-1,-1
30,35,1023,375,84,53,-1,-1,-1,-1
30,36,730,396,13,26,-1,-1,-1,-1
31,1,25,370,344,175,-1,-1,-1,-1
31,2,701,530,148,87,-1,-1,-1,-1
31,3,342,527,126,67,-1,-1,-1,-1
31,5,881,285,44,33,-1,-1,-1,-1
31,6,769,266,43,33,-1,-1,-1,-1
31,7,1103,254,72,42,-1,-1,-1,-1
31,8,25,213,59,27,-1,-1,-1,-1
31,9,0,480,38,52,-1,-1,-1,-1
31,10,598,294,72,33,-1,-1,-1,-1
31,11,834,385,100,56,-1,-1,-1,-1
31,12,1174,188,61,30,-1,-1,-1,-1
31,13,217,298,86,32,-1,-1,-1,-1
31,15,1067,315,21,37,-1,-1,-1,-1
31,16,289,319,82,36,-1,-1,-1,-1
31,18,901,357,124,71,-1,-1,-1,-1
31,21,0,254,20,49,-1,-1,-1,-1
31,22,1104,193,65,37,-1,-1,-1,-1
31,30,47,684,95,35,-1,-1,-1,-1
31,31,1264,316,15,29,-1,-1,-1,-1
31,32,932,120,23,19,-1,-1,-1,-1
31,35,1021,374,85,53,-1,-1,-1,-1
31,36,731,396,12,26,-1,-1,-1,-1
32,1,25,370,344,175,-1,-1,-1,-1
32,2,708,532,147,87,-1,-1,-1,-1
32,3,351,527,126,67,-1,-1,-1,-1
32,5,880,284,44,33,-1,-1,-1,-1
32,6,769,265,42,32,-1,-1,-1,-1
32,7,1107,253,69,40,-1,-1,-1,-1
32,8,25,213,58,27,-1,-1,-1,-1
32,9,0,480,38,52,-1,-1,-1,-1
32,10,594,293,72,33,-1,-1,-1,-1
32,11,831,384,97,54,-1,-1,-1,-1
32,12,1174,188,61,30,-1,-1,-1,-1
32,13,210,298,88,33,-1,-1,-1,-1
32,15,1067,314,21,38,-1,-1,-1,-1
32,16,282,319,85,37,-1,-1,-1,-1
32,18,897,355,122,70,-1,-1,-1,-1
32,21,0,255,20,48,-1,-1,-1,-1
32,22,1104,193,65,37,-1,-1,-1,-1
32,30,44,680,105,39,-1,-1,-1,-1
32,31,1264,316,15,29,-1,-1,-1,-1
32,32,933,119,23,19,-1,-1,-1,-1
32,35,1020,373,83,52,-1,-1,-1,-1
32,36,731,396,12,26,-1,-1,-1,-1
33,1,25,370,344,174,-1,-1,-1,-1
33,2,715,534,147,88,-1,-1,-1,-1
33,3,359,526,127,67,-1,-1,-1,-1
33,5,878,283,45,33,-1,-1,-1,-1
33,6,769,263,41,33,-1,-1,-1,-1
33,7,1110,252,69,41,-1,-1,-1,-1
33,8,24,212,61,28,-1,-1,-1,-1
33,9,0,480,38,52,-1,-1,-1,-1
33,10,591,293,71,32,-1,-1,-1,-1
33,11,825,382,98,55,-1,-1,-1,-1
33,12,1175,189,59,29,-1,-1,-1,-1
33,13,204,298,92,35,-1,-1,-1,-1
33,15,1067,314,21,38,-1,-1,-1,-1
33,16,276,319,87,38,-1,-1,-1,-1
33,18,893,353,120,70,-1,-1,-1,-1
33,21,0,255,20,48,-1,-1,-1,-1
33,22,1104,193,65,37,-1,-1,-1,-1
33,30,43,679,104,40,-1,-1,-1,-1
33,31,1264,316,15,29,-1,-1,-1,-1
33,32,933,118,24,20,-1,-1,-1,-1
33,35,1017,371,84,52,-1,-1,-1,-1
33,36,731,396,12,26,-1,-1,-1,-1
33,39,64,665,27,49,-1,-1,-1,-1
34,1,25,370,344,174,-1,-1,-1,-1
34,2,721,535,149,90,-1,-1,-1,-1
34,3,368,525,125,67,-1,-1,-1,-1
34,5,876,281,45,33,-1,-1,-1,-1
34,6,768,261,42,33,-1,-1,-1,-1
34,8,24,212,60,28,-1,-1,-1,-1
34,9,0,480,38,52,-1,-1,-1,-1
34,10,586,291,74,34,-1,-1,-1,-1
34,11,822,379,96,55,-1,-1,-1,-1
34,12,1175,189,59,29,-1,-1,-1,-1
34,13,200,299,90,35,-1,-1,-1,-1
34,15,1067,314,21,38,-1,-1,-1,-1
34,16,273,320,86,38,-1,-1,-1,-1
34,18,890,351,115,67,-1,-1,-1,-1
34,21,0,255,20,47,-1,-1,-1,-1
34,22,1104,192,65,38,-1,-1,-1,-1
34,30,49,683,94,36,-1,-1,-1,-1
34,31,1264,316,15,29,-1,-1,-1,-1
34,32,933,118,24,19,-1,-1,-1,-1
34,35,1014,370,84,52,-1,-1,-1,-1
34,39,66,665,27,49,-1,-1,-1,-1
35,1,24,370,346,175,-1,-1,-1,-1
35,2,728,537,149,90,-1,-1,-1,-1
35,3,375,524,125,66,-1,-1,-1,-1
35,5,876,279,43,33,-1,-1,-1,-1
35,6,767,258,42,34,-1,-1,-1,-1
35,8,24,212,61,28,-1,-1,-1,-1
35,9,0,480,38,52,-1,-1,-1,-1
35,10,581,290,75,34,-1,-1,-1,-1
35,11,818,377,96,54,-1,-1,-1,-1
35,12,1174,189,61,29,-1,-1,-1,-1
35,13,195,300,89,34,-1,-1,-1,-1
35,15,1067,313,21,39,-1,-1,-1,-1
35,16,269,321,86,38,-1,-1,-1,-1
35,18,886,349,113,66,-1,-1,-1,-1
35,21,0,256,19,46,-1,-1,-1,-1
35,22,1104,192,65,38,-1,-1,-1,-1
35,30,55,685,89,34,-1,-1,-1,-1
35,31,1264,316,15,29,-1,-1,-1,-1
35,32,934,117,24,20,-1,-1,-1,-1
35,35,1009,368,86,53,-1,-1,-1,-1
35,40,1245,505,26,47,-1,-1,-1,-1
36,1,24,370,346,175,-1,-1,-1,-1
36,2,734,538,151,92,-1,-1,-1,-1
36,3,383,523,124,66,-1,-1,-1,-1
36,5,874,278,43,32,-1,-1,-1,-1
36,6,767,256,41,34,-1,-1,-1,-1
36,7,1122,250,67,39,-1,-1,-1,-1
36,8,24,212,61,28,-1,-1,-1,-1
36,9,0,480,38,52,-1,-1,-1,-1
36,10,577,290,75,34,-1,-1,-1,-1
36,11,816,375,95,54,-1,-1,-1,-1
36,12,1175,189,59,29,-1,-1,-1,-1
36,13,192,301,87,34,-1,-1,-1,-1
36,15,1067,313,21,39,-1,-1,-1,-1
36,16,260,322,86,37,-1,-1,-1,-1
36,18,881,347,113,66,-1,-1,-1,-1
36,20,916,137,25,18,-1,-1,-1,-1
36,21,0,252,20,49,-1,-1,-1,-1
36,22,1105,193,63,37,-1,-1,-1,-1
36,30,58,684,91,35,-1,-1,-1,-1
36,31,1265,316,14,29,-1,-1,-1,-1
36,32,936,117,23,20,-1,-1,-1,-1
36,35,1005,366,87,54,-1,-1,-1,-1
36,39,77,661,31,54,-1,-1,-1,-1
36,40,1238,499,28,50,-1,-1,-1,-1
37,1,24,370,346,175,-1,-1,-1,-1
37,2,742,541,150,92,-1,-1,-1,-1
37,3,392,522,122,65,-1,-1,-1,-1
37,5,874,277,41,31,-1,-1,-1,-1
37,6,767,256,40,32,-1,-1,-1,-1
37,7,1125,249,67,39,-1,-1,-1,-1
37,8,24,212,61,29,-1,-1,-1,-1
37,9,0,480,38,52,-1,-1,-1,-1
37,10,574,289,75,34,-1,-1,-1,-1
37,11,812,373,94,54,-1,-1,-1,-1
37,12,1175,189,59,29,-1,-1,-1,-1
37,13,187,302,87,33,-1,-1,-1,-1
37,15,1067,313,21,39,-1,-1,-1,-1
37,16,254,322,87,38,-1,-1,-1,-1
37,18,878,345,111,65,-1,-1,-1,-1
37,20,918,136,23,17,-1,-1,-1,-1
37,21,0,251,20,50,-1,-1,-1,-1
37,22,1105,193,63,37,-1,-1,-1,-1
37,30,59,681,96,38,-1,-1,-1,-1
37,31,1265,316,14,29,-1,-1,-1,-1
37,32,937,117,22,19,-1,-1,-1,-1
37,35,1002,364,88,55,-1,-1,-1,-1
37,39,81,660,31,56,-1,-1,-1,-1
37,40,1231,493,31,54,-1,-1,-1,-1
38,1,25,370,345,175,-1,-1,-1,-1
38,2,749,543,151,92,-1,-1,-1,-1
38,3,399,522,122,64,-1,-1,-1,-1
38,5,872,275,42,31,-1,-1,-1,-1
38,6,768,255,39,32,-1,-1,-1,-1
38,8,23,211,62,30,-1,-1,-1,-1
38,9,0,480,38,52,-1,-1,-1,-1
38,10,571,289,72,33,-1,-1,-1,-1
38,11,808,370,93,54,-1,-1,-1,-1
38,12,1175,189,59,29,-1,-1,-1,-1
38,13,184,303,85,33,-1,-1,-1,-1
38,15,1067,313,21,40,-1,-1,-1,-1
38,16,249,322,88,39,-1,-1,-1,-1
38,18,873,343,112,66,-1,-1,-1,-1
38,20,919,135,23,17,-1,-1,-1,-1
38,21,0,250,20,51,-1,-1,-1,-1
38,22,1105,193,63,36,-1,-1,-1,-1
38,30,50,667,122,51,-1,-1,-1,-1
38,31,1265,316,14,30,-1,-1,-1,-1
38,32,938,117,22,18,-1,-1,-1,-1
38,35,1000,363,88,54,-1,-1,-1,-1
38,40,1224,488,36,57,-1,-1,-1,-1
39,1,24,370,346,175,-1,-1,-1,-1
39,2,757,545,151,93,-1,-1,-1,-1
39,3,406,521,123,65,-1,-1,-1,-1
39,5,871,273,42,32,-1,-1,-1,-1
39,6,767,254,39,31,-1,-1,-1,-1
39,8,24,212,60,29,-1,-1,-1,-1
39,9,0,480,38,52,-1,-1,-1,-1
39,10,566,288,74,34,-1,-1,-1,-1
39,11,805,368,92,54,-1,-1,-1,-1
39,12,1175,190,59,28,-1,-1,-1,-1
39,13,178,304,86,32,-1,-1,-1,-1
39,15,1067,314,21,39,-1,-1,-1,-1
39,16,243,322,89,40,-1,-1,-1,-1
39,18,869,341,110,65,-1,-1,-1,-1
39,20,920,134,22,17,-1,-1,-1,-1
39,21,0,251,20,50,-1,-1,-1,-1
39,22,1105,194,63,35,-1,-1,-1,-1
39,30,59,671,111,48,-1,-1,-1,-1
39,31,1265,316,14,29,-1,-1,-1,-1
39,32,938,116,23,19,-1,-1,-1,-1
39,35,998,362,87,54,-1,-1,-1,-1
39,40,1216,484,41,61,-1,-1,-1,-1
40,1,24,370,346,175,-1,-1,-1,-1
40,2,764,547,152,94,-1,-1,-1,-1
40,3,415,521,121,64,-1,-1,-1,-1
40,5,870,272,42,32,-1,-1,-1,-1
40,6,767,252,38,33,-1,-1,-1,-1
40,7,1134,246,69,39,-1,-1,-1,-1
40,8,25,213,58,28,-1,-1,-1,-1
40,9,0,479,38,53,-1,-1,-1,-1
40,10,562,288,74,33,-1,-1,-1,-1
40,11,802,367,90,53,-1,-1,-1,-1
40,12,1175,190,59,28,-1,-1,-1,-1
40,13,173,304,86,33,-1,-1,-1,-1
40,15,1067,314,21,39,-1,-1,-1,-1
40,16,238,322,88,40,-1,-1,-1,-1
40,18,866,339,108,65,-1,-1,-1,-1
40,20,920,133,24,18,-1,-1,-1,-1
40,21,0,252,19,49,-1,-1,-1,-1
40,22,1106,194,62,35,-1,-1,-1,-1
40,30,66,674,104,45,-1,-1,-1,-1
40,31,1265,316,14,29,-1,-1,-1,-1
40,32,939,115,22,19,-1,-1,-1,-1
40,35,996,361,86,53,-1,-1,-1,-1
40,40,1206,479,51,72,-1,-1,-1,-1
41,1,24,370,346,175,-1,-1,-1,-1
41,2,771,549,153,96,-1,-1,-1,-1
41,3,423,521,120,62,-1,-1,-1,-1
41,5,869,271,42,32,-1,-1,-1,-1
41,6,768,251,37,32,-1,-1,-1,-1
41,7,1137,245,68,39,-1,-1,-1,-1
41,8,24,213,60,28,-1,-1,-1,-1
41,9,0,480,38,52,-1,-1,-1,-1
41,10,559,288,72,33,-1,-1,-1,-1
41,11,797,365,89,53,-1,-1,-1,-1
41,12,1175,190,59,28,-1,-1,-1,-1
41,13,167,304,88,33,-1,-1,-1,-1
41,15,1067,314,21,39,-1,-1,-1,-1
41,16,231,323,90,40,-1,-1,-1,-1
41,18,862,337,108,64,-1,-1,-1,-1
41,20,921,132,23,18,-1,-1,-1,-1
41,21,0,252,20,49,-1,-1,-1,-1
41,22,1106,194,62,35,-1,-1,-1,-1
41,30,66,666,109,49,-1,-1,-1,-1
41,31,1266,316,13,29,-1,-1,-1,-1
41,32,940,115,21,18,-1,-1,-1,-1
41,35,995,360,84,52,-1,-1,-1,-1
41,40,1197,475,59,80,-1,-1,-1,-1
42,1,24,370,346,176,-1,-1,-1,-1
42,2,777,551,156,98,-1,-1,-1,-1
42,3,430,520,121,64,-1,-1,-1,-1
42,5,869,270,41,32,-1,-1,-1,-1
42,6,768,250,37,31,-1,-1,-1,-1
42,7,1139,243,70,40,-1,-1,-1,-1
42,8,24,213,61,28,-1,-1,-1,-1
42,9,0,480,38,52,-1,-1,-1,-1
42,10,556,288,71,32,-1,-1,-1,-1
42,11,794,363,88,53,-1,-1,-1,-1
42,12,1175,190,59,28,-1,-1,-1,-1
42,13,161,304,90,34,-1,-1,-1,-1
42,15,1067,314,21,39,-1,-1,-1,-1
42,16,227,325,88,40,-1,-1,-1,-1
42,18,859,335,106,64,-1,-1,-1,-1
42,20,921,131,24,19,-1,-1,-1,-1
42,21,0,251,20,50,-1,-1,-1,-1
42,22,1105,194,63,35,-1,-1,-1,-1
42,30,70,668,106,49,-1,-1,-1,-1
42,31,1266,316,13,28,-1,-1,-1,-1
42,35,993,359,84,52,-1,-1,-1,-1
42,40,1190,473,66,82,-1,-1,-1,-1
43,1,25,370,344,175,-1,-1,-1,-1
43,2,786,555,155,98,-1,-1,-1,-1
43,3,438,521,120,62,-1,-1,-1,-1
43,5,868,268,41,32,-1,-1,-1,-1
43,6,768,248,37,32,-1,-1,-1,-1
43,7,1141,243,69,39,-1,-1,-1,-1
43,8,23,211,63,30,-1,-1,-1,-1
43,9,0,480,38,52,-1,-1,-1,-1
43,10,551,288,73,32,-1,-1,-1,-1
43,11,796,362,83,51,-1,-1,-1,-1
43,12,1175,190,59,28,-1,-1,-1,-1
43,13,157,304,89,35,-1,-1,-1,-1
43,15,1068,314,21,38,-1,-1,-1,-1
43,16,222,326,85,39,-1,-1,-1,-1
43,18,855,333,105,63,-1,-1,-1,-1
43,20,921,130,25,19,-1,-1,-1,-1
43,21,0,250,20,51,-1,-1,-1,-1
43,22,1105,194,63,35,-1,-1,-1,-1
43,30,74,672,98,47,-1,-1,-1,-1
43,31,1266,316,13,28,-1,-1,-1,-1
43,32,942,114,21,18,-1,-1,-1,-1
43,35,991,358,84,51,-1,-1,-1,-1
43,40,1181,467,72,85,-1,-1,-1,-1
44,1,25,370,344,175,-1,-1,-1,-1
44,2,793,557,157,100,-1,-1,-1,-1
44,3,443,520,121,63,-1,-1,-1,-1
44,5,867,266,40,32,-1,-1,-1,-1
44,6,769,246,36,33,-1,-1,-1,-1
44,7,1142,243,70,38,-1,-1,-1,-1
44,8,23,211,63,30,-1,-1,-1,-1
44,9,0,481,38,51,-1,-1,-1,-1
44,10,546,287,74,32,-1,-1,-1,-1
44,11,797,361,79,50,-1,-1,-1,-1
44,12,1175,190,59,28,-1,-1,-1,-1
44,13,151,305,90,35,-1,-1,-1,-1
44,15,1067,313,21,39,-1,-1,-1,-1
44,16,216,327,85,39,-1,-1,-1,-1
44,18,852,331,103,63,-1,-1,-1,-1
44,20,922,130,24,18,-1,-1,-1,-1
44,21,0,250,20,51,-1,-1,-1,-1
44,22,1105,194,63,35,-1,-1,-1,-1
44,30,73,666,106,51,-1,-1,-1,-1
44,31,1265,315,14,29,-1,-1,-1,-1
44,32,943,114,21,18,-1,-1,-1,-1
44,35,989,356,84,52,-1,-1,-1,-1
44,40,1173,458,79,88,-1,-1,-1,-1
45,1,25,370,344,175,-1,-1,-1,-1
45,2,800,559,160,101,-1,-1,-1,-1
45,3,447,520,121,63,-1,-1,-1,-1
45,5,865,264,41,32,-1,-1,-1,-1
45,6,768,245,35,32,-1,-1,-1,-1
45,7,1147,242,70,38,-1,-1,-1,-1
45,8,22,211,64,30,-1,-1,-1,-1
45,9,0,481,38,51,-1,-1,-1,-1
45,10,542,286,74,33,-1,-1,-1,-1
45,11,786,359,80,50,-1,-1,-1,-1
45,12,1175,190,59,28,-1,-1,-1,-1
45,13,145,306,92,35,-1,-1,-1,-1
45,15,1068,313,21,39,-1,-1,-1,-1
45,16,210,328,86,39,-1,-1,-1,-1
45,18,848,329,103,63,-1,-1,-1,-1
45,20,923,129,24,19,-1,-1,-1,-1
45,21,0,251,20,50,-1,-1,-1,-1
45,22,1105,194,63,35,-1,-1,-1,-1
45,30,75,674,94,44,-1,-1,-1,-1
45,31,1265,315,14,29,-1,-1,-1,-1
45,35,987,355,84,52,-1,-1,-1,-1
45,40,1165,454,86,89,-1,-1,-1,-1
46,1,24,370,346,175,-1,-1,-1,-1
46,2,809,561,160,102,-1,-1,-1,-1
46,3,458,520,119,62,-1,-1,-1,-1
46,5,865,262,41,33,-1,-1,-1,-1
46,6,769,244,34,31,-1,-1,-1,-1
46,7,1152,242,70,37,-1,-1,-1,-1
46,8,22,210,64,31,-1,-1,-1,-1
46,9,0,481,38,51,-1,-1,-1,-1
46,10,540,287,72,31,-1,-1,-1,-1
46,11,778,358,80,49,-1,-1,-1,-1
46,12,1175,190,59,28,-1,-1,-1,-1
46,13,140,306,94,36,-1,-1,-1,-1
46,15,1068,313,21,39,-1,-1,-1,-1
46,16,205,329,85,39,-1,-1,-1,-1
46,18,844,327,104,64,-1,-1,-1,-1
46,20,923,129,25,18,-1,-1,-1,-1
46,21,0,253,19,48,-1,-1,-1,-1
46,22,1105,194,63,36,-1,-1,-1,-1
46,30,75,676,89,43,-1,-1,-1,-1
46,31,1266,315,13,29,-1,-1,-1,-1
46,35,986,354,84,52,-1,-1,-1,-1
46,40,1156,449,91,89,-1,-1,-1,-1
47,1,25,370,345,175,-1,-1,-1,-1
47,2,816,563,162,104,-1,-1,-1,-1
47,3,468,521,118,61,-1,-1,-1,-1
47,5,865,262,39,32,-1,-1,-1,-1
47,6,769,243,34,30,-1,-1,-1,-1
47,7,1156,241,70,38,-1,-1,-1,-1
47,8,23,210,64,31,-1,-1,-1,-1
47,9,0,481,38,51,-1,-1,-1,-1
47,10,534,286,76,33,-1,-1,-1,-1
47,11,772,356,81,49,-1,-1,-1,-1
47,12,1175,190,59,28,-1,-1,-1,-1
47,13,136,306,95,37,-1,-1,-1,-1
47,15,1068,313,21,39,-1,-1,-1,-1
47,16,199,329,86,40,-1,-1,-1,-1
47,18,841,325,102,63,-1,-1,-1,-1
47,20,924,128,25,19,-1,-1,-1,-1
47,21,0,251,20,50,-1,-1,-1,-1
47,22,1105,194,63,36,-1,-1,-1,-1
47,30,76,678,84,41,-1,-1,-1,-1
47,31,1266,315,13,29,-1,-1,-1,-1
47,35,985,352,83,52,-1,-1,-1,-1
47,40,1147,446,93,87,-1,-1,-1,-1
47,41,113,661,69,40,-1,-1,-1,-1
48,1,24,370,346,175,-1,-1,-1,-1
48,2,825,566,162,105,-1,-1,-1,-1
48,3,476,521,118,61,-1,-1,-1,-1
48,5,863,260,39,32,-1,-1,-1,-1
48,6,770,242,33,30,-1,-1,-1,-1
48,7,1160,240,70,38,-1,-1,-1,-1
48,8,24,212,62,29,-1,-1,-1,-1
48,9,0,481,38,51,-1,-1,-1,-1
48,10,530,285,76,33,-1,-1,-1,-1
48,11,767,354,82,50,-1,-1,-1,-1
48,12,1175,190,59,28,-1,-1,-1,-1
48,13,140,307,88,35,-1,-1,-1,-1
48,15,1068,313,21,39,-1,-1,-1,-1
48,16,194,331,85,38,-1,-1,-1,-1
48,18,838,323,101,63,-1,-1,-1,-1
48,19,923,192,11,21,-1,-1,-1,-1
48,21,0,256,19,44,-1,-1,-1,-1
48,22,1105,194,64,36,-1,-1,-1,-1
48,30,82,685,71,34,-1,-1,-1,-1
48,31,1265,315,14,29,-1,-1,-1,-1
48,35,985,351,82,51,-1,-1,-1,-1
48,40,1138,448,93,81,-1,-1,-1,-1
48,41,115,658,72,42,-1,-1,-1,-1
49,1,24,370,346,176,-1,-1,-1,-1
49,2,834,569,162,106,-1,-1,-1,-1
49,3,483,521,120,62,-1,-1,-1,-1
49,5,863,259,38,31,-1,-1,-1,-1
49,6,770,240,32,30,-1,-1,-1,-1
49,7,1164,239,70,38,-1,-1,-1,-1
49,8,24,212,62,29,-1,-1,-1,-1
49,9,0,480,38,52,-1,-1,-1,-1
49,10,527,285,75,33,-1,-1,-1,-1
49,11,764,352,82,50,-1,-1,-1,-1
49,12,1175,190,59,28,-1,-1,-1,-1
49,13,135,307,88,36,-1,-1,-1,-1
49,14,919,153,25,23,-1,-1,-1,-1
49,15,1068,313,21,39,-1,-1,-1,-1
49,16,187,332,87,39,-1,-1,-1,-1
49,18,836,321,98,62,-1,-1,-1,-1
49,19,923,193,10,20,-1,-1,-1,-1
49,21,1,259,17,41,-1,-1,-1,-1
49,22,1105,194,64,36,-1,-1,-1,-1
49,30,81,685,71,34,-1,-1,-1,-1
49,31,1265,315,14,30,-1,-1,-1,-1
49,35,984,350,81,51,-1,-1,-1,-1
49,40,1127,446,94,79,-1,-1,-1,-1
49,41,117,658,75,44,-1,-1,-1,-1
50,1,24,370,346,176,-1,-1,-1,-1
50,2,842,572,165,108,-1,-1,-1,-1
50,3,489,520,123,63,-1,-1,-1,-1
50,5,862,258,37,30,-1,-1,-1,-1
50,6,770,238,32,30,-1,-1,-1,-1
50,7,1168,238,70,38,-1,-1,-1,-1
50,8,24,212,61,29,-1,-1,-1,-1
50,9,0,480,39,52,-1,-1,-1,-1
50,10,524,285,74,32,-1,-1,-1,-1
50,11,760,351,81,49,-1,-1,-1,-1
50,12,1175,190,59,28,-1,-1,-1,-1
50,13,125,309,88,36,-1,-1,-1,-1
50,14,920,153,25,22,-1,-1,-1,-1
50,15,1068,313,21,38,-1,-1,-1,-1
50,16,181,333,87,40,-1,-1,-1,-1
50,18,832,319,99,63,-1,-1,-1,-1
50,21,0,257,19,43,-1,-1,-1,-1
50,22,1105,194,63,36,-1,-1,-1,-1
50,30,80,685,72,34,-1,-1,-1,-1
50,31,1265,315,14,30,-1,-1,-1,-1
50,35,982,349,81,51,-1,-1,-1,-1
50,40,1117,443,96,76,-1,-1,-1,-1
50,41,121,656,78,46,-1,-1,-1,-1
51,1,25,370,345,176,-1,-1,-1,-1
51,2,850,574,168,111,-1,-1,-1,-1
51,3,496,520,124,63,-1,-1,-1,-1
51,5,862,256,37,31,-1,-1,-1,-1
51,6,770,237,31,29,-1,-1,-1,-1
51,7,1172,237,68,37,-1,-1,-1,-1
51,8,24,212,61,29,-1,-1,-1,-1
51,9,0,480,38,52,-1,-1,-1,-1
51,10,520,285,74,32,-1,-1,-1,-1
51,11,757,350,80,48,-1,-1,-1,-1
51,12,1175,190,59,28,-1,-1,-1,-1
51,13,119,310,88,36,-1,-1,-1,-1
51,14,920,152,26,22,-1,-1,-1,-1
51,15,1068,313,20,38,-1,-1,-1,-1
51,16,175,334,88,40,-1,-1,-1,-1
51,18,830,318,97,62,-1,-1,-1,-1
51,21,0,257,19,44,-1,-1,-1,-1
51,22,1105,194,63,36,-1,-1,-1,-1
51,30,80,684,73,35,-1,-1,-1,-1
51,31,1265,314,14,31,-1,-1,-1,-1
51,35,982,349,78,49,-1,-1,-1,-1
51,36,731,396,13,26,-1,-1,-1,-1
51,40,1106,439,99,76,-1,-1,-1,-1
51,41,125,655,80,47,-1,-1,-1,-1
52,1,25,370,345,176,-1,-1,-1,-1
52,2,858,577,170,113,-1,-1,-1,-1
52,3,502,519,126,64,-1,-1,-1,-1
52,5,861,255,37,31,-1,-1,-1,-1
52,6,772,236,30,29,-1,-1,-1,-1
52,7,1176,237,66,36,-1,-1,-1,-1
52,8,24,213,61,28,-1,-1,-1,-1
52,9,0,480,38,52,-1,-1,-1,-1
52,10,516,285,73,32,-1,-1,-1,-1
52,11,754,349,79,47,-1,-1,-1,-1
52,12,1175,190,59,28,-1,-1,-1,-1
52,13,111,310,90,36,-1,-1,-1,-1
52,14,922,151,25,22,-1,-1,-1,-1
52,15,1067,313,21,38,-1,-1,-1,-1
52,16,169,334,89,41,-1,-1,-1,-1
52,18,827,316,95,61,-1,-1,-1,-1
52,21,0,258,19,43,-1,-1,-1,-1
52,22,1105,194,64,36,-1,-1,-1,-1
52,30,81,685,72,34,-1,-1,-1,-1
52,31,1265,314,14,31,-1,-1,-1,-1
52,35,980,348,78,49,-1,-1,-1,-1
52,36,731,395,13,28,-1,-1,-1,-1
52,40,1098,438,99,72,-1,-1,-1,-1
52,41,129,654,81,48,-1,-1,-1,-1
53,1,25,370,345,176,-1,-1,-1,-1
53,2,867,581,170,112,-1,-1,-1,-1
53,3,510,520,125,64,-1,-1,-1,-1
53,5,861,254,36,31,-1,-1,-1,-1
53,6,773,235,30,28,-1,-1,-1,-1
53,7,1179,236,66,36,-1,-1,-1,-1
53,8,24,212,62,29,-1,-1,-1,-1
53,9,0,480,38,52,-1,-1,-1,-1
53,10,512,285,71,31,-1,-1,-1,-1
53,11,752,347,78,47,-1,-1,-1,-1
53,12,1175,190,59,28,-1,-1,-1,-1
53,13,104,310,92,37,-1,-1,-1,-1
53,14,923,151,24,21,-1,-1,-1,-1
53,15,1067,313,21,38,-1,-1,-1,-1
53,16,163,335,88,41,-1,-1,-1,-1
53,18,826,315,92,60,-1,-1,-1,-1
53,21,0,257,19,44,-1,-1,-1,-1
53,22,1106,194,63,36,-1,-1,-1,-1
53,30,79,683,76,36,-1,-1,-1,-1
53,31,1265,314,14,30,-1,-1,-1,-1
53,35,979,347,78,49,-1,-1,-1,-1
53,36,731,396,12,27,-1,-1,-1,-1
53,40,1087,435,102,72,-1,-1,-1,-1
53,41,134,654,78,46,-1,-1,-1,-1
53,43,9,614,28,57,-1,-1,-1,-1
54,1,25,369,345,177,-1,-1,-1,-1
54,2,876,584,170,113,-1,-1,-1,-1
54,3,518,521,125,64,-1,-1,-1,-1
54,5,860,253,36,30,-1,-1,-1,-1
54,6,774,234,31,28,-1,-1,-1,-1
54,7,1183,236,65,34,-1,-1,-1,-1
54,8,23,211,64,30,-1,-1,-1,-1
54,9,0,480,38,52,-1,-1,-1,-1
54,10,509,285,71,30,-1,-1,-1,-1
54,11,748,344,79,48,-1,-1,-1,-1
54,12,1175,190,59,28,-1,-1,-1,-1
54,13,100,310,91,38,-1,-1,-1,-1
54,14,923,150,25,21,-1,-1,-1,-1
54,15,1067,313,21,38,-1,-1,-1,-1
54,16,156,336,90,41,-1,-1,-1,-1
54,18,823,313,92,59,-1,-1,-1,-1
54,21,0,257,19,44,-1,-1,-1,-1
54,22,1105,194,64,36,-1,-1,-1,-1
54,30,79,682,77,37,-1,-1,-1,-1
54,31,1265,314,14,30,-1,-1,-1,-1
54,35,979,346,76,49,-1,-1,-1,-1
54,36,731,396,12,26,-1,-1,-1,-1
54,40,1077,431,103,72,-1,-1,-1,-1
54,41,140,655,75,44,-1,-1,-1,-1
54,43,14,610,31,60,-1,-1,-1,-1
55,1,25,370,345,176,-1,-1,-1,-1
55,2,885,587,172,116,-1,-1,-1,-1
55,3,526,521,125,64,-1,-1,-1,-1
55,5,860,251,34,30,-1,-1,-1,-1
55,6,775,233,30,28,-1,-1,-1,-1
55,7,1186,235,66,34,-1,-1,-1,-1
55,8,23,211,63,30,-1,-1,-1,-1
55,9,0,480,38,52,-1,-1,-1,-1
55,10,505,285,71,30,-1,-1,-1,-1
55,11,743,342,80,49,-1,-1,-1,-1
55,12,1175,190,59,28,-1,-1,-1,-1
55,13,95,311,90,37,-1,-1,-1,-1
55,14,924,149,26,21,-1,-1,-1,-1
55,15,1068,314,20,37,-1,-1,-1,-1
55,16,151,337,89,41,-1,-1,-1,-1
55,18,821,312,90,59,-1,-1,-1,-1
55,21,0,257,19,44,-1,-1,-1,-1
55,22,1105,194,64,36,-1,-1,-1,-1
55,30,81,684,73,35,-1,-1,-1,-1
55,31,1265,314,14,30,-1,-1,-1,-1
55,35,978,345,76,48,-1,-1,-1,-1
55,36,731,395,12,27,-1,-1,-1,-1
55,40,1068,428,106,72,-1,-1,-1,-1
55,41,143,652,78,47,-1,-1,-1,-1
55,43,19,606,34,64,-1,-1,-1,-1
